000000000000111000000000111111000000000111111111110000111111111110000111111111110000111111111110000111111011110000011111011110000011111011110000011111011111111111111011111111111111011111111111111000000001111111000000000011111000000000011111000000000011111000000000011111000000000011111000000000011111000000000011111000000000011111000000000001111000000000001111000000000001111
000000000000111000000000111111000000000111111111110000111111111110000111111111110000111111111110000111111011110000011111011110000011111011110000011111011111111111111011111111111111011111111111111000000001111111000000000011111000000000011111000000000011111000000000011111000000000011111000000000011111000000000011111000000000011111000000000001111000000000001111000000000001111
000000000000111000000000111111000000000111111111110000111111111110000111111111110000111111111110000111111011110000011111011110000011111011110000011111011111111111111011111111111111011111111111111000000001111111000000000011111000000000011111000000000011111000000000011111000000000011111000000000011111000000000011111000000000011111000000000001111000000000001111000000000001111
000000000000111000000000111111000000000111111111110000011111111110000011111111110000011111011110000011111011110000011111011110000011111011110000011111011111111111111011111111111111011111111111111000000000111111000000000011111000000000011111000000000011111000000000011111000000000011111000000000011111000000000011111000000000011111000000000011111000000000001111000000000001111
000000000000111000000000111111000000000111111111110000011111111110000011111111110000011111011110000011111011110000011111011110000011111011110000011111011111111111111011111111111111011111111111111000000000111111000000000011111000000000011111000000000011111000000000011111000000000011111000000000011111000000000011111000000000011111000000000011111000000000001111000000000001111
000000000000111000000000111111000000000111111111110000011111111110000011111111110000011111011110000011111011110000011111011110000011111011110000011111011111111111111011111111111111011111111111111000000000111111000000000011111000000000011111000000000011111000000000011111000000000011111000000000011111000000000011111000000000011111000000000011111000000000001111000000000001111
000000000000111000000000111111000000000111111111110000011111111110000011111111110000011111011110000011111011110000011111011110000011111011110000011111011111111111111011111111111111011111111111111000000000111111000000000011111000000000011111000000000011111000000000011111000000000011111000000000011111000000000011111000000000011111000000000011111000000000001111000000000001111
000000000000111000000000111111000000000111111111110000011111111110000011111111110000011111011110000011111011110000011111011110000011111011110000011111011111111111111011111111111111011111111111111000000000111111000000000011111000000000011111000000000011111000000000011111000000000011111000000000011111000000000011111000000000011111000000000011111000000000001111000000000001111
000000000000111000000000111111000000000111111111110000011111111110000011111111110000011111011110000011111011110000011111011110000011111011110000011111011111111111111011111111111111011111111111111000000000111111000000000011111000000000011111000000000011111000000000011111000000000011111000000000011111000000000011111000000000011111000000000011111000000000001111000000000001111
000000000000111000000000111111000000000111111111110000011111111110000011111111110000011111011110000011111011110000011111011110000011111011110000011111011111111111111011111111111111011111111111111000000000111111000000000011111000000000011111000000000011111000000000011111000000000011111000000000011111000000000011111000000000011111000000000011111000000000001111000000000001111
000000000000111000000000111111000000000111111111110000111111111110000111111111110000111111111110000111111011110000011111011110000011111011110000011111011111111111111011111111111111011111111111111000000001111111000000000011111000000000011111000000000011111000000000011111000000000011111000000000011111000000000011111000000000011111000000000001111000000000001111000000000001111
000000000000111000000000111111000000000111111111110000111111111110000111111111110000111111111110000111111011110000011111011110000011111011110000011111011111111111111011111111111111011111111111111000000001111111000000000011111000000000011111000000000011111000000000011111000000000011111000000000011111000000000011111000000000011111000000000001111000000000001111000000000001111
